[
    [
        47.65681534017947, 
        -122.31160478563774
    ], 
    [
        47.656817, 
        -122.31205500000002
    ], 
    [
        47.658299, 
        -122.31202
    ], 
    [
        47.659779, 
        -122.31198499999999
    ], 
    [
        47.661262, 
        -122.311983
    ], 
    [
        47.663081999999996, 
        -122.311967
    ], 
    [
        47.664891000000004, 
        -122.31193900000001
    ], 
    [
        47.666426, 
        -122.31193811656755
    ], 
    [
        47.668522418749866, 
        -122.31190311656758
    ], 
    [
        47.669444, 
        -122.31190643435856
    ], 
    [
        47.67074732160539, 
        -122.31191006994055
    ], 
    [
        47.67091880616695, 
        -122.31191643435852
    ], 
    [
        47.67120399999999, 
        -122.31192145767211
    ], 
    [
        47.67177014507567, 
        -122.31192248015188
    ], 
    [
        47.672077359636134, 
        -122.31201026504725
    ], 
    [
        47.673977903030554, 
        -122.31193106994051
    ], 
    [
        47.674766000000005, 
        -122.31193909325408
    ], 
    [
        47.675790126993114, 
        -122.31194709325406
    ], 
    [
        47.676504999999985, 
        -122.31196075214953
    ], 
    [
        47.677598835615505, 
        -122.31198006994057
    ], 
    [
        47.678040805920496, 
        -122.31198604662708
    ], 
    [
        47.67869683538746, 
        -122.31200072883604
    ], 
    [
        47.67942238825402, 
        -122.31201714891006
    ], 
    [
        47.68121912614751, 
        -122.31168509325401
    ], 
    [
        47.683044, 
        -122.31208000000001
    ], 
    [
        47.683048, 
        -122.313172
    ], 
    [
        47.683051870478465, 
        -122.31422530094876
    ], 
    [
        47.683044217529, 
        -122.31527861953
    ], 
    [
        47.68305544364777, 
        -122.31628560734991
    ], 
    [
        47.683057, 
        -122.31643000000001
    ], 
    [
        47.683059002911634, 
        -122.31699999684734
    ], 
    [
        47.6830650232835, 
        -122.31749838800002
    ], 
    [
        47.68350957253795, 
        -122.31750436355436
    ], 
    [
        47.684895999999995, 
        -122.31752300000001
    ], 
    [
        47.685291, 
        -122.317529
    ], 
    [
        47.68602, 
        -122.317542
    ], 
    [
        47.68673, 
        -122.317554
    ], 
    [
        47.687472, 
        -122.317567
    ], 
    [
        47.688196, 
        -122.31757999999999
    ], 
    [
        47.688549, 
        -122.317586
    ], 
    [
        47.688919999999996, 
        -122.31759199999999
    ], 
    [
        47.689644, 
        -122.317605
    ], 
    [
        47.690367, 
        -122.317617
    ], 
    [
        47.691278, 
        -122.317613
    ], 
    [
        47.692188, 
        -122.317609
    ], 
    [
        47.693099, 
        -122.31760400000002
    ], 
    [
        47.69401, 
        -122.31759999999998
    ], 
    [
        47.694921, 
        -122.31759599999998
    ], 
    [
        47.695450371057234, 
        -122.31759309457124
    ], 
    [
        47.695831999999996, 
        -122.317591
    ], 
    [
        47.696742, 
        -122.317587
    ], 
    [
        47.697652999999995, 
        -122.31758300000001
    ], 
    [
        47.698561, 
        -122.31761000000002
    ], 
    [
        47.699482961901154, 
        -122.31763818648648
    ], 
    [
        47.700378, 
        -122.317664
    ]
]